3 166
33 153
39 210
49 193
74 165
87 212
105 228
107 234
111 216
126 247
71 157
122 188
103 238
107 246
51 234
69 157
71 165
69 191
125 225
105 249
117 234
3 139
5 194
24 137
107 228
65 157
45 169
21 166
132 246
3 146
21 152
52 212
102 240
74 208
60 152
123 246
87 164
132 248
50 191
111 247
69 190
51 203
74 162
108 234
120 244
112 157
60 192
30 165
12 188
78 166
122 245
53 230
17 176
53 152
26 164
125 248
71 138
65 180
78 156
69 178
4 208
31 190
40 167
25 193
121 255
71 151
33 152
49 146
122 254
108 220
106 234
70 176
130 227
4 210
52 163
87 149
119 223
2 156
56 162
123 238
3 179
24 212
1 228
74 196
102 217
18 188
97 240
21 173
120 254
118 245
10 152
55 173
38 156
128 240
21 169
77 203
82 163
86 139
52 175
58 179
129 248
112 216
120 233
28 208
98 249
36 166
95 218
4 170
99 226
47 179
54 183
125 256
78 199
116 226
14 157
71 183
35 170
4 177
56 140
129 249
62 156
1 133
61 199
117 217
29 178
19 196
116 221
125 235
91 162
25 147
76 176
78 144
48 248
26 134
92 193
128 256
44 208
99 216
118 250
104 172
10 145
56 195
94 218
29 176
75 167
28 140
122 206
9 195
90 188
44 141
47 204
69 148
71 154
79 164
11 159
41 199
67 157
16 208
123 237
129 219
72 149
61 181
111 245
108 232
86 182
73 195
12 187
43 178
46 193
34 145
118 252
49 213
81 156
12 160
51 143
104 203
2 200
45 158
26 136
113 234
110 256
19 142
3 207
68 208
121 253
81 198
56 236
23 227
24 171
82 137
93 179
6 181
116 241
66 156
16 161
20 180
28 135
57 151
128 218
131 176
67 201
58 214
109 247
96 246
2 174
126 224
37 134
42 139
85 179
62 184
98 227
36 194
64 212
86 150
84 163
32 215
64 239
47 185
13 212
53 197
111 251
101 155
27 244
100 219
11 162
61 215
7 194
115 232
88 133
89 213
112 223
80 192
106 242
63 203
15 209
124 250
117 227
55 167
74 189
60 211
83 166
101 228
18 209
129 243
22 225
108 222
19 186
110 202
24 168
107 231
121 235
131 229
127 216
38 205
59 199
114 221
8 169
